372
1062
1077
1083
1090
1072
32
1090
1080
32
1077
32
1076
1072
32
1089
1098
1073
1077
1088
1077
1096
32
1084
1072
1082
1089
1080
1084
1072
1083
1085
1086
32
1082
1086
1083
1080
1095
1077
1089
1090
1074
1086
13
10
1089
1082
1098
1087
1086
1094
1077
1085
1085
1086
1089
1090
1080
44
32
1087
1088
1077
1076
1080
32
1076
1072
32
1089
1074
1098
1088
1096
1080
32
1074
1088
1077
1084
1077
1090
1086
46
13
10
1053
1077
1086
1073
1093
1086
1076
1080
1084
1086
1090
1086
32
1082
1086
1083
1080
1095
1077
1089
1090
1074
1086
32
1079
1072
32
1087
1088
1077
1084
1080
1085
1072
1074
1072
1085
1077
32
1085
1072
13
10
1085
1080
1074
1086
1090
1086
32
1077
32
1087
1086
1089
1086
1095
1077
1085
1086
32
1087
1086
1076
32
1090
1074
1086
1103
32
1088
1077
1079
1091
1083
1090
1072
1090
46
13
10
1057
1083
1077
1076
1080
32
1084
1077
1088
1085
1080
1082
1072
44
32
1073
1072
1075
1077
1088
1098
1090
32
1089
1077
32
1085
1072
1089
1086
1095
1074
1072
32
1082
1098
1084
32
1085
1077
1075
1086
46
32
13
10
1042
1089
1103
1082
1072
32
1089
1082
1098
1087
1086
1094
1077
1085
1085
1086
1089
1090
32
1090
1077
1078
1080
32
1088
1072
1079
1083
1080
1095
1085
1086
46
32
13
10
1042
1085
1080
1084
1072
1074
1072
1081
44
32
1085
1103
1082
1086
1080
32
1086
1090
32
1095
1091
1074
1072
1083
1080
1090
1077
32
1085
1086
1089
1103
1090
32
1083
1086
1096
13
10
1082
1098
1089
1084
1077
1090
32
33
13
10
1057
1083
1077
1076
32
1074
1089
1103
1082
1086
32
1085
1080
1074
1086
32
1084
1086
1078
1077
1096
32
1076
1072
32
1089
1080
32
1082
1091
1087
1080
1096
32
1074
1088
1077
1084
1077
13
10
1080
1083
1080
32
1087
1086
1074
1077
1095
1077
32
1072
1082
1090
1080
1074
1085
1080
32
1089
1082
1098
1087
1086
1094
1077
1085
1085
1086
1089
1090
1080
46
0
